DoctorID     Possible room     Initial_weights    Solution_Weights
      0[0, 1, 2, 3, 4, 6, 8][0, 0, 0, 0, 0, 0, 0, 0, 0, 0][24, 0, 0, 0, 0, 0, 0, 0, 0, 1]
      1[0, 2, 3, 4, 5, 7][0, 0, 0, 0, 0, 0, 0, 0, 0, 0][2, 0, 11, 0, 0, 0, 0, 0, 0, 1]
      2[0, 1, 2, 3, 4, 5, 6, 7, 8][0, 0, 0, 0, 0, 0, 0, 0, 0, 0][0, 13, 0, 0, 0, 0, 0, 0, 0, 1]
      3[0, 1, 2, 3, 4, 5, 6, 7, 8][0, 0, 0, 0, 0, 0, 0, 0, 0, 0][2, 0, 2, 10, 0, 0, 1, 0, 0, 0]
      4[0, 1, 2, 3, 4, 5, 6, 7, 8][0, 0, 0, 0, 0, 0, 0, 0, 0, 0][0, 1, 0, 2, 0, 10, 0, 0, 0, 1]
      5[0, 1, 2, 3, 4, 5, 6, 7, 8][0, 0, 0, 0, 0, 0, 0, 0, 0, 0][0, 0, 1, 1, 0, 2, 7, 1, 2, 0]
      6[0, 1, 2, 3, 4, 5, 6, 7, 8][0, 0, 0, 0, 0, 0, 0, 0, 0, 0][0, 0, 0, 0, 0, 1, 3, 8, 1, 1]
      7[0, 1, 2, 4, 5, 7][0, 0, 0, 0, 0, 0, 0, 0, 0, 0][0, 0, 0, 0, 0, 0, 0, 4, 0, 1]
      8[0, 1, 2, 3, 5, 6, 8][0, 0, 0, 0, 0, 0, 0, 0, 0, 0][0, 0, 0, 0, 0, 1, 2, 0, 0, 0]
      9[0, 2, 3, 5, 7, 8][0, 0, 0, 0, 0, 0, 0, 0, 0, 0][0, 0, 0, 0, 0, 0, 0, 0, 0, 1]
     10[1, 2, 5, 6, 7, 8][0, 0, 0, 0, 0, 0, 0, 0, 0, 0][0, 0, 0, 0, 0, 0, 1, 0, 9, 1]
     11[0, 1, 2, 5, 6, 7, 8][0, 0, 0, 0, 0, 0, 0, 0, 0, 0][0, 0, 0, 0, 0, 0, 0, 0, 0, 1]
     12[0, 1, 2, 3, 5, 7, 8][0, 0, 0, 0, 0, 0, 0, 0, 0, 0][0, 0, 0, 0, 0, 0, 0, 0, 0, 1]
     13[0, 1, 3, 4, 5, 6, 7][0, 0, 0, 0, 0, 0, 0, 0, 0, 0][0, 0, 0, 0, 0, 0, 0, 0, 0, 1]
     14[1, 2, 4, 6, 7, 8][0, 0, 0, 0, 0, 0, 0, 0, 0, 0][0, 0, 0, 0, 0, 0, 0, 1, 1, 0]
